here is your question

98,107,107,122,83
104,105,118,105,102,103,109,118,101,119,122
115,120,105,122,118,104
115,116,102,108,105,115,103
44,104,118,120,109,118,114,105,118,107,99,118
116,109,114,119,111,114,102,121
104,122,118,119,114
98,111,111,122,105,102,103,122,109,46,98,103,114,104,108,114,105,102,88
104,109,118,107,108
104,119,109,114,110,46,103,105,122,110,72
104,109,122,110,102,115
104,98,122,100,111,122
115,120,122,118,105
119,118,103,122,101,118,111,118
44,118,120,109,118,111,111,118,120,99
116,109,114,103,109,118,101,109,114
103,122,118,105,116
118,102,106,114,109,102
104,102,108,111,122,118,97
104,118,101,114,103,120,118,113,121,108,46,118,120,109,118,119,114,117,109,108,88
104,118,107,122,115,104
119,105,122,115
44,104,109,108,114,103,120,122
116,109,114,101,114,101,118,105
111,122,114,103,109,118,103,108,107,46



hint: use dot,slash and case as and when required
      go to the url using the decrypted message (look at the starting letters)